# M=22, N=11, max=1, PBC
# U/t                  E0/t                S1(l=11)             S1_OP(l=11)          S2.0(l=11)           S2.0_OP(l=11)        Sigma2_n(l=11)       H(2.0)              S(2.0)_OP(5) 
  -0.030000000019365026 -14.151270078191715 1.375637865105016   0.37855591434606917 1.081379152597061   0.20241137158278338 0.4305559896839206  0.870860235954574   0.20219604382849854 
  -0.0332441058799503  -14.161889056279705 1.375639134119648   0.3782356919631562  1.0814226855409792  0.20219936439342906 0.4308310532533639  0.8711203982832536  0.2019845490827445  
  -0.03683901916813193 -14.173663199394221 1.3756406956010425  0.37788055190250935 1.0814712599467096  0.20196429582937084 0.431136459012766   0.8714091953039353  0.20175004871546845 
  -0.04082267509827882 -14.186718993569812 1.3756426173826655  0.3774866507792358  1.0815254987590344  0.2017036405443835  0.4314756274287035  0.8717298401247044  0.20149002347840747 
  -0.045237111079799136 -14.201196962700546 1.3756449831887647  0.37704971368530843 1.081586110623042   0.2014145926717703  0.43185238177440155 0.8720859207496343  0.20120167427585275 
  -0.05012891031563893 -14.217253269414325 1.3756478964152692  0.3765649837048555  1.081653903556711   0.20109403370540832 0.43227099960498094 0.8724814471885239  0.20088189011921512 
  -0.05554969337013041 -14.235061508242595 1.375651484832041   0.37602716502530215 1.0817298011906198  0.20073849646467648 0.4327362717913523  0.8729209052791769  0.20052721217510422 
  -0.061556662893444754 -14.254814716362146 1.3756559064390073  0.3754303587094818  1.0818148621327985  0.2003441246077743  0.43325357042028045 0.8734093183602828  0.2001337933708077  
  -0.06821320725083786 -14.276727630983604 1.3756613567708398  0.37476799002670136 1.081910303153407   0.19990662706893073 0.43382892714789634 0.8739523181681601  0.19969735293162247 
  -0.07558956942646847 -14.30103922692776  1.375668078023972   0.3740327260332679  1.0820175270580843  0.19942122668137652 0.4344691240284426  0.8745562266291769  0.19921312511663158 
  -0.08376358826037628 -14.328015573205823 1.375676370482647   0.37321638184344247 1.0821381563411956  0.1988826021239165  0.4351817991890208  0.8752281505811396  0.19867580128765122 
  -0.09282151984050067 -14.357953053673194 1.3756866068535498  0.372309813716076   1.0822740739965653  0.19828482216101295 0.4359755703675141  0.8759760919263803  0.19807946428332893 
  -0.10285894771745487 -14.391182004270625 1.3756992502923637  0.37130279668750305 1.0824274732327748  0.1976212709452828  0.43686018006860294 0.87680907631228    0.19741751386883133 
  -0.1139817915470694  -14.42807082826701  1.375714877133262   0.3701838839873148  1.0826009183216625  0.19688456290373424 0.43784666697301233 0.8777373041877055  0.19668258177806242 
  -0.12630742480437512 -14.46903066160841  1.375734205633363   0.3689402448329703  1.0827974194385284  0.1960664453973919  0.438947569642437   0.8787723290769386  0.19586643454470234 
  -0.13996591336366881 -14.51452067337881  1.3757581324443913  0.3675574763903436  1.0830205251838105  0.19515768695165114 0.4401771699666668  0.8799272691733888  0.1949598619075976  
  -0.1551013880147405  -14.565054102030233 1.375787779060534   0.3660193846151714  1.0832744375808032  0.19414794830374565 0.4415517862661176  0.881217060056821   0.19395254804458628 
  -0.1718735653986984  -14.621205147128627 1.3758245512172793  0.36430772730345234 1.0835641558253937  0.19302563284061328 0.4430901286131004  0.8826587585483703  0.19283292219326997 
  -0.19045943341302138 -14.683616859788177 1.375870215206881   0.36240191081548295 1.0838956570682843  0.1917777120633236  0.44481373316266115 0.8842719107271882  0.19158798429594134 
  -0.21105511887102466 -14.75301020389514  1.3759269964426983  0.36027862945341405 1.084276125250479   0.1903895205011501  0.4467474974913621  0.8860790011692039  0.19020310007063776 
  -0.23387795712415968 -14.830194496207762 1.3759977075114682  0.35791143307064266 1.0847142428007284  0.18884451280591272 0.4489203468003389  0.8881060060507118  0.18866175823260836 
  -0.2591687854867744  -14.916079478530591 1.3760859156458358  0.35527020382422814 1.0852205653043345  0.1871239734776469  0.45136607122280026 0.8903830804644104  0.18694528028122528 
  -0.28719448466463093 -15.011689332222186 1.3761961634072084  0.35232051642948653 1.085808006770856   0.1852066664332735  0.4541243901028764  0.8929454212053132  0.18503247004328624 
  -0.31825079500552733 -15.118179018186773 1.376334261978378   0.3490228470011469  1.0864924739521882  0.18306840710015282 0.4572423209822105  0.8958343618266992  0.18289918559522686 
  -0.35266543729042454 -15.236853419678798 1.3765076847611213  0.3453315821515868  1.0872937040046105  0.18068153313691904 0.46077596414668065 0.8990987794205335  0.1805178096085811  
  -0.39080157099713214 -15.369189888511634 1.3767261014728243  0.3411937603140699  1.0882363834060047  0.1780142402761109  0.4647928630873679  0.9027969260955656  0.17785658452776387 
  -0.4330616265297777  -15.516864959002923 1.377002112164522   0.3365474477132237  1.0893516619782608  0.17502973543984848 0.46937517752030544 0.9069988487811692  0.174878764609935   
  -0.47989155185354376 -15.6817862152738   1.3773522708600587  0.3313196060937794  1.0906792318226883  0.1716851373963279  0.4746240263564303  0.9117896393151407  0.17154151494961153 
  -0.531785518347161   -15.866130602559682 1.3777985374571593  0.32542323811341084 1.0922702303905032  0.16793002113078132 0.4806655533650428  0.9172738809433114  0.16779445346115426 
  -0.5892911355315213  -16.072390903539027 1.378370378023523   0.3187534811892352  1.0941913740334468  0.16370444750932725 0.48765959521593416 0.9235818600179831  0.16357767715870422 
  -0.6530152297026794  -16.303432724395677 1.379107873988485   0.31118212848505944 1.0965309787001774  0.15893622985269393 0.4958123968063646  0.9308784533815234  0.15881902404749276 
  -0.7236302474480943  -16.562565268296538 1.3800664521249206  0.3025497231436952  1.099407967093914   0.15353703559115336 0.5053958366924292  0.9393762002981614  0.15343016845713656 
  -0.8018813516190211  -16.85363062236261  1.3813243183813864  0.29265377108943713 1.1029857803224024  0.1473966489755967  0.5167775439152749  0.9493551626480846  0.14730087540948072 
  -0.8885942846390916  -17.18111863407726  1.3829946103353254  0.28123047682841434 1.1074947088309433  0.1403742149829205  0.5304701063656267  0.9611942869855528  0.1402902337866917  
  -0.9846840821264076  -17.55031847202015  1.3852462479387468  0.2679251072332279  1.1132694762726203  0.1322842915281519  0.5472156826688774  0.9754233084400858  0.13221269510701777 
  -1.0911647287793849  -17.967525294775694 1.3883419461165858  0.2522411074146989  1.1208163676840106  0.1228734554081851  0.5681409853019304  0.9928138068398884  0.12281466313457245 
  -1.2091598584197905  -18.440334926104327 1.392713153282795   0.23344629846859996 1.1309426774509905  0.11177848422763895 0.5950650003447677  1.0145513048642243  0.11173265641541749 
  -1.3399146111048585  -18.97809109745283  1.3991241042005216  0.2103832311906843  1.145033298537453   0.09844534968382589 0.6311788147670505  1.0425943164466167  0.09841227812411942 
  -1.4848087724302999  -19.59262928282685  1.4090884082777824  0.18103495617961868 1.165733694940831   0.08195542941526228 0.6827888687084815  1.080534040870034   0.08193439447818245 
  -1.6453713336763092  -20.299704407617675 1.426200448410524   0.14134249235828544 1.199053616361422   0.06060525982659007 0.7649161844975687  1.1361253708490198  0.06059481361682168 
  -1.8232966264420694  -21.12252378172168  1.4626358892400124  0.08117308158816992 1.263939160280006   0.030892319081982055 0.9279272238801823  1.2318918135603578  0.030889788195124293 
  -2.0204622020290017  -22.108218798194184 1.6619923873155722  0.008047542363144904 1.5097759364566188  0.0020421879936109956 1.6008982673853431  1.5076300101916118  0.002042167827262957 
  -2.2389486442444126  -23.64309509607515  2.928216627065333   0.5818407749770732  2.8262716821008995  0.5187655096187905  8.034623032373819   2.306576879066099   0.5051405026655222  
  -2.4810615246995544  -25.826807422783947 3.003900293183966   0.5977969122286669  2.926220176738644   0.5560186681902117  9.32307318786195    2.373907188821855   0.5427773486214282  
  -2.749355732284719   -28.357123246987005 3.0300466342548242  0.6036979223659675  2.9663587200616406  0.5694485081865349  9.706187063163398   2.3974475481493718  0.5570743916702278  
  -3.0466624335574273  -31.21517881262356  3.0452104968427576  0.6081652699019932  2.994053681217018   0.5785610392435695  9.888681260130287   2.4108365684125874  0.5671620749401765  
  -3.376118948542385   -34.41740062029241  3.0555354367132925  0.6118811646019787  3.0149093983898783  0.586310539403355   9.994312014936611   2.419597656672902   0.5756178971149165  
  -3.7412018572067027  -37.99149704760913  3.0630723822893877  0.6150037369483954  3.0309230053073737  0.5931502525834372  10.062066626068408  2.425681530011673   0.5828844843913743  
  -4.145763685965451   -41.97196526180366  3.0687818388507515  0.6176214515809326  3.043331283074734   0.5991363303695783  10.108340232714053  2.430055422337146   0.5890882118890618  
  -4.594073561350805   -46.39892965523083  3.0732049342545036  0.6198073647247887  3.053015153580116   0.604301378947085   10.141302640108051  2.433277403417514   0.5943309796567317  
  -5.090862259841395   -51.31793875435815  3.076682037315428   0.6216262375213403  3.0606214233908693  0.6087034813014474  10.165498680202937  2.435695511799355   0.5987238571305524  
  -5.641372129238837   -56.780145292718316 3.0794430237797403  0.6231352110291534  3.0666301647867433  0.6124193812288935  10.183659358143704  2.4375375028064807  0.6023806866143706  
  -6.251412408385263   -62.842686127792646 3.081650932399822   0.6243839885411665  3.07140078227175    0.6155328816564032  10.197522599533002  2.4389576824752504  0.6054099689819081  
  -6.9274205289815045  -69.56919376618966  3.0834255352427484  0.62541527538327    3.0752047683840207  0.6181267152714742  10.20824468204059   2.4400635154626897  0.6079101880206706  
  -7.676530046391543   -77.0304127339575   3.0848571296685092  0.6262654232483427  3.0782490954002033  0.6202779432886114  10.216622731337495  2.4409315892897343  0.6099679700101398  
  -8.506645916270962   -85.30491152131845  3.086015123817694   0.6269651579359934  3.0806929566587136  0.6220557780050289  10.223222403480673  2.441617575565761   0.6116579490840927  
  -9.426527911373793   -94.47988928507706  3.0869536532891715  0.6275403081811124  3.082659811903347   0.6235208890077985  10.22845477044853   2.4421626408157984  0.6130435244293829  
  -10.445883058791082  -104.6520811617166  3.0877154095085433  0.6280124909400143  3.084246124453731   0.6247255576653254  10.23262451511443   2.44259768133743    0.6141780165473476  
  -11.575468073062355  -115.92876901401904 3.088334340365794   0.6283997325812394  3.085527761562636   0.6257142799959123  10.235961195626231  2.4429461855315635  0.6151059452657506  
  -12.827202866082338  -128.42890661525712 3.0888376109913103  0.6287170191424803  3.0865647333121324  0.6265245745944997  10.23864013981423   2.443226208985615   0.6158642820285031  
  -14.214296331612768  -142.28437010072304 3.0892470619330505  0.6289767761990421  3.087404739548589   0.6271878518639338  10.240796779453248  2.4434517633864097  0.6164836040727248  
  -15.751385731736603  -157.6413462090113  3.0895803152143215  0.6291892826501417  3.088085852711088   0.6277302630618168  10.242536714454364  2.4436338104092465  0.6169891204906932  
  -17.45469115612599   -174.66187251891716 3.0898516268973433  0.6293630244610258  3.0886385672167425  0.6281734861856276  10.243942925739159  2.4437809844447864  0.6174015634775403  
  -19.342186684050752  -193.52554563749362 3.09007255278247    0.6295049950012508  3.0890873792245856  0.62853542918199    10.245081039682951  2.443900125937938   0.6177379503176452  
  -21.43379005530941   -214.43141516184306 3.0902524735401196  0.6296209485994605  3.08945201436919    0.6288308449082582  10.246003232820396  2.4439966802735893  0.6180122275566424  
  -23.7515728515794    -237.6000832603824  3.0903990122868215  0.6297156135793918  3.0897483888263775  0.6290718602120192  10.246751169276024  2.444074999728151   0.6182358110881058  
  -26.31999340611905   -263.2760319314301  3.09051836870107    0.6297928705185648  3.089989366392624   0.6292684256842048  10.24735823797334   2.444138574518208   0.6184180361669516  
  -29.16615489959374   -291.7302024284446  3.0906155876359254  0.6298559008767826  3.090185358130359   0.6294286945282228  10.247851274862008  2.4441902112850142  0.6185665305933931  
  -32.320091365574875  -323.2628540222489  3.090694775853525   0.6299073105360372  3.0903447995332276  0.6295593395037778  10.248251900943647  2.444232172123197   0.6186875230462833  
  -35.81508462377596   -358.2067322322566  3.0907592773786488  0.6299492322084628  3.0904745317296003  0.6296658166345706  10.248577570000904  2.444266283657684   0.6187860971014167  
  -39.688015485454294  -396.93057993425174 3.09081181566147    0.6299834101258672  3.090580107036419   0.6297525836906477  10.24884239448668   2.4442940231507166  0.6188664000266104  
  -43.97975293706269   -439.84302837746947 3.090854609005461   0.6300112699310176  3.090666034558045   0.6298232805927235  10.249057800207922  2.44431658683389    0.6189318140944261  
  -48.73558540900008   -487.3969091577197  3.0908894643913225  0.6300339762518127  3.0907359780521304  0.6298808779760441  10.249233047739654  2.4443349443753872  0.6189850969383404  
  -54.00569868041127   -540.0940326390123  3.090917853800869   0.6300524800537544  3.09079291564629    0.6299277992711317  10.249375649331835  2.444349882457855   0.6190284964131927  
  -59.84570546311237   -598.4904832409208  3.0909409763399496  0.6300675575317596  3.0908392689658286  0.6299660208498803  10.249491703343047  2.444362039752474   0.6190638445036917  
  -66.31723225305977   -663.2024874650149  3.09095980882226    0.6300798420145505  3.090877007667919   0.6299971540641364  10.249586163242274  2.4443719350608655  0.6190926340453263  
  -73.48856964209554   -734.9129165788415  3.0909751469682702  0.6300898501097059  3.0909077341575135  0.6300225123756606  10.249663054463795  2.4443799900081076  0.6191160813654041  
  -81.43539295236425   -814.3784925741688  3.0909876389660407  0.6300980031097119  3.0909327523031207  0.6300431662372032  10.249725649544452  2.4443865473743402  0.6191351774031308  
  -90.2415607978742    -902.4377734381616  3.0909978128128093  0.6301046445042567  3.090953123214824   0.630059987926771   10.249776609783734  2.444391885924901   0.6191507294110851  
  -100.0               -1000.0200020004    3.0910060985909573  0.6301100542973962  3.09096971054741    0.630073688152606   10.249818099967634  2.444396232422248   0.61916339496248    
