# M=14, N=7, max=1, PBC
# U/t                  E0/t                S1(l=7)             S1_OP(l=7)          S2.0(l=7)           S2.0_OP(l=7)        Sigma2_n(l=7)       H(2.0)              S(2.0)_OP(5) 
  0.9842038317092805    -7.125257467286488   1.2301310164130834   0.367573301907667    0.9769914582712707   0.19743178090640945  0.3308974782725542   0.7738807367795705   0.19721607374824981  
  1.024607872113321     -7.055481933970023   1.230398152500265    0.3705410112608046   0.9771379728109387   0.19931685266646149  0.3291995091368296   0.7721937939101314   0.19910072915306296  
  1.0650119125173614    -6.986221385791698   1.23066797453807     0.3734854790789689   0.9772914725518713   0.20118373732629266  0.32752936946435085  0.7705339562241775   0.20096735622377476  
  1.1054159529214018    -6.917475161698194   1.230939747969661    0.3764064689750127   0.9774509946680817   0.20303199381465523  0.32588642102557763  0.7689006338874096   0.2028155132852378   
  1.145819993325442     -6.849242708687083   1.2312127035281746   0.3793036818597333   0.9776155719519874   0.20486115018439216  0.32427005585583224  0.7672932638917284   0.2046447275815937   
  1.1862240337294825    -6.781523580826501   1.231486033656101    0.3821767534207417   0.9777842304679575   0.2066707025456017   0.32267969474094826  0.7657113088068653   0.206454494215839    
  1.226628074133523     -6.714317438262549   1.2317588888570177   0.38502525143085575  0.9779559871845114   0.2084601138825655   0.32111478581725983  0.7641542556242785   0.20824427497313586  
  1.2670321145375634    -6.647624046194699   1.2320303739883163   0.3878486728997589   0.9781298475813656   0.21022881275645322  0.319574803278325    0.7626216146872009   0.2100134970299362   
  1.3074361549416038    -6.5814432737986595  1.2322995445063003   0.3906464410853021   0.9783048032293564   0.2119761918974317   0.3180592461803755   0.7611129187009099   0.21176155155246587  
  1.3478401953456443    -6.515775093075873   1.232565402677971    0.39341790238351715  0.9784798293430612   0.2137016066912044   0.31656763734000215  0.7596277218177252   0.21348779218966818  
  1.3882442357496845    -6.450619577608117   1.23282689377696     0.39616232311975075  0.9786538823081352   0.21540437356747516  0.31509952231494864  0.7581655987909703   0.21519153346766     
  1.428648276153725     -6.385976901194821   1.2330829022843974   0.3988788862662373   0.9788258971876009   0.2170837682990148   0.31365446846429634  0.7567261441931455   0.2168720490948108   
  1.4690523165577654    -6.321847336350476   1.2333322481190396   0.40156668811543117  0.9789947852140013   0.21873902422335997  0.31223206407967297  0.7553089716929415   0.21852857018909178  
  1.5094563569618058    -6.258231252638914   1.2335736829246775   0.4042247349419173   0.9791594312767955   0.22036933040108747  0.31083191758253115  0.7539137133862741   0.22016028344171248  
  1.5498603973658462    -6.195129114820712   1.2338058864466903   0.4068519396899466   0.9793186914175784   0.22197382972806112  0.30945365678028836  0.7525400191763184   0.22176632923420647  
  1.5902644377698867    -6.132541480789587   1.2340274630335972   0.4094471187275327   0.9794713903487795   0.2235516170215706   0.3080969281777506   0.7511875561980631   0.22334579972917454  
  1.6306684781739271    -6.070468999273662   1.2342369383034222   0.4120089887125967   0.9796163190147935   0.22510173710426912  0.30676139633609445  0.7498560082823134   0.22489773695817658  
  1.6710725185779673    -6.008912407277062   1.2344327560188602   0.41453616362082146  0.9797522322182206   0.22662318291305233  0.3054467432750201   0.7485450754545702   0.22642113093404065  
  1.7114765589820078    -5.947872527237546   1.2346132752191228   0.41702715198913415  0.9798778463374254   0.22811489366362675  0.30415266791315965  0.7472544734641979   0.2279149178184111   
  1.7518805993860482    -5.887350263876039   1.2347767676603503   0.41948035443326653  0.979991837165757    0.22957575310617986  0.3028788855397675   0.7459839333388741   0.22937797817958902  
  1.7922846397900887    -5.8273466007144386  1.2349214156201285   0.4218940615015199   0.9800928379061465   0.2310045879103088   0.301625127314054    0.7447332009599283   0.23080913537909506  
  1.8326886801941291    -5.767862596238659   1.2350453101250856   0.42426645193100165  0.9801794373596086   0.23240016622275525  0.3003911397867238   0.7435020366537997   0.23220715413046972  
  1.8730927205981696    -5.708899379684888   1.2351464496635862   0.4265955913758765   0.9802501783491111   0.23376119644458615  0.2991766844370485   0.7422902147946993   0.23357073927663824  
  1.91349676100221      -5.650458146428262   1.2352227394480413   0.4288794316799772   0.9803035564246767   0.23508632627839277  0.2979815372224728   0.7410975234141522   0.23489853483683207  
  1.9539008014062502    -5.592540152954663   1.2352719912931986   0.4311158107684894   0.9803380188987169   0.2363741420998527   0.29680548813454344  0.7399237638125804   0.23618912337719877  
  1.9943048418102907    -5.535146711398338   1.2352919241779652   0.4333024532349136   0.9803519642638059   0.23762316871109437  0.29564834075616986  0.738768750168339    0.23744102576260276  
  2.034708882214331     -5.478279183630107   1.235280165558467    0.4354369716999262   0.9803437420478194   0.23883186953595031  0.2945099118160197   0.737632309139794    0.23865270134985272  
  2.0751129226183713    -5.421938974883773   1.2352342534992005   0.43751686901828524  0.9803116531631955   0.23999864731926343  0.2933900307345798   0.7365142794559165   0.23982254868448474  
  2.115516963022412     -5.366127526911168   1.2351516396871027   0.43953954140789986  0.9802539508082753   0.24112184539325587  0.2922885391584522   0.7354145114913522   0.24094890676438355  
  2.155921003426452     -5.310846310659805   1.2350296933901221   0.4415022825724625   0.980168841979197    0.24219974957502216  0.2912052904770608   0.7343328668216091   0.2420300569341921   
  2.196325043830493     -5.256096818470932   1.2348657064168287   0.4434022888833689   0.9800544896493206   0.24323059075670242  0.29014014931925125  0.7332692177549215   0.24306422547242895  
  2.236729084234533     -5.20188055579985    1.2346568991276057   0.44523666568145814  0.9799090156719611   0.2442125482495451   0.28909299102514474  0.7322234468369598   0.2440495869325758   
  2.2771331246385738    -5.148199032465199   1.2344004275397102   0.447002434749882    0.9797305044578974   0.24514375393770269  0.28806370109012924  0.7311954463254062   0.2449842682942037   
  2.317537165042614     -5.095053753438702   1.2340933915589145   0.44869654299995193  0.9795170074743644   0.2460222972929364   0.28705217457831367  0.7301851176315983   0.24586635397552542  
  2.357941205446654     -5.042446209192274   1.2337328443590687   0.4503158723998441   0.9792665486054908   0.24684623129421399  0.28605831550239813  0.7291923707269087   0.2466938917515221   
  2.398345245850695     -4.990377865624919   1.2333158029177949   0.4518572511622366   0.9789771304055659   0.2476135792870156   0.2850820361686459   0.7282171235121869   0.24746489961277407  
  2.438749286254735     -4.938850153597754   1.2328392597017752   0.4533174661914769   0.9786467412663298   0.24832234280642934  0.2841232564855076   0.7272593011491075   0.24817737358930392  
  2.4791533266587757    -4.887864458111466   1.2323001954788606   0.45469327677359234  0.9782733635071996   0.248970510375267    0.28318190323524384  0.7263188353528882   0.24882929655087418  
  2.519557367062816     -4.837422107166684   1.2316955932165914   0.4559814294737077   0.977854982383749    0.24955606727394178  0.28225790930840233  0.725395663646601    0.2494186479807404   
  2.5599614074668566    -4.7875243603538165  1.2310224530079519   0.4571786741853054   0.9773895959940799   0.250077006262366    0.281351212902349    0.7244897285780549   0.24994341470335898  
  2.600365447870897     -4.738172397225069   1.2302778079456318   0.4582817812546687   0.9768752260459718   0.2505313392163587   0.2804617566856198   0.7236009769010409   0.25040160252881555  
  2.640769488274937     -4.6893673055070195  1.2294587408459807   0.45928755958218564  0.9763099294295279   0.25091710962206365  0.2795894869298632   0.7227293587233921   0.2507912487575224   
  2.6811735286789777    -4.641110069218085   1.2285624017036363   0.46019287558007355  0.9756918105210979   0.2512324058515647   0.27873435261357393  0.7218748266253983   0.25111043546869666  
  2.721577569083018     -4.593401556759964   1.2275860257380748   0.46099467284448703  0.9750190341248737   0.2514753751226387   0.2778963045009668   0.7210373347526817   0.25135730349555047  
  2.7619816094870586    -4.546242509057099   1.2265269518743087   0.46168999237884695  0.9742898389390848   0.25164423802469144  0.27707529420196053  0.7202168378887147   0.251530066969461    
  2.802385649891099     -4.499633527822045   1.2253826414824098   0.4622759931857783   0.9735025514149134   0.25173730347336143  0.27627127321736644  0.7194132905125323   0.2516270282953503   
  2.8427896902951395    -4.4535750640279455  1.2241506971848188   0.4627499730269282   0.9726555998583205   0.25175298393661455  0.2754841919776627   0.718626645848471    0.25164659340138656  
  2.8831937306991797    -4.408067406671667   1.2228288815271218   0.4631093891348788   0.9717475286089217   0.2516898107585591   0.2747139988811327   0.7178568549148729   0.25158728708887734  
  2.92359777110322      -4.363110671912454   1.2214151352976217   0.4633518786488561   0.9707770121161681   0.25154644939206267  0.2739606393391867   0.717103865579503    0.2514477682932909   
  2.9640018115072606    -4.318704792671548   1.2199075952740484   0.46347527853697884  0.9697428687218873   0.25132171433900685  0.2732240548378382   0.7163676216299616   0.2512268450551264   
  3.004405851911301     -4.274849508777156   1.218304611172528    0.46347764476309283  0.9686440739508372   0.25101458358923096  0.2725041820224199   0.715648061867346    0.2509234889911411   
  3.0448098923153415    -4.231544357737526   1.2166047615748359   0.4633572704553384   0.9674797731068003   0.25062421234409155  0.2718009518152229   0.7149451192319564   0.25053684905164264  
  3.0852139327193817    -4.188788666221435   1.2148068686151445   0.4631127028377459   0.966249292972418    0.2501499458110833   0.271114288574017    0.7142587199695964   0.2500662643497399   
  3.125617973123422     -4.146581542321451   1.212910011217091    0.4627427586946762   0.964952152415657    0.24959133086031768  0.27044410930038154  0.7135887828470479   0.2495112758529251   
  3.1660220135274626    -4.104921868669646   1.210913536686034    0.46224653815141337  0.9635880717153806   0.24894812634342015  0.2697903229054308   0.7129352184248245   0.2488716367369008   
  3.206426053931503     -4.06380829646882    1.2088170704795929   0.4616234365721773   0.9621569804327523   0.24822031188973664  0.269152829541369    0.7122979283950551   0.2481473212160975   
  3.2468300943355435    -4.023239240494979   1.2066205240019001   0.4608731543992257   0.9606590236735072   0.24740809501376954  0.268531520005288    0.711676804991513    0.24733853168412231  
  3.2872341347395837    -3.983212875118007   1.2043241002927778   0.4599957047830851   0.959094566609129    0.24651191639140263  0.26792627522192447  0.7110717304781828   0.24644570402117208  
  3.3276381751436244    -3.943727131378323   1.20192829751194     0.45899141888370626  0.9574641971510308   0.24553245318959488  0.26733696581060684  0.7104825767217768   0.24546951095250127  
  3.3680422155476646    -3.904779695147439   1.1994339101497091   0.45786094875497596  0.9557687267013852   0.24447062036491737  0.26676345174084837  0.709909204852644    0.24441086337283977  
  3.408446255951705     -3.8663680063897696  1.1968420279286986   0.45660526775967175  0.9540091889357588   0.24332756987924187  0.2662055820801683   0.7093514650174061   0.2432709095846034   
  3.4488502963557455    -3.8284892595324633  1.1941540323949693   0.4552256684979802   0.9521868366058802   0.24210468781575822  0.26566319483543666  0.7088091962253192   0.242051032432561    
  3.4892543367597857    -3.7911404049391986  1.191371591231303    0.4537237582689623   0.9503031363845615   0.24080358941351104  0.26513611688976724  0.7082822262894706   0.2407528443530193   
  3.5296583771638264    -3.7543181514731714  1.188496650358683    0.45210145212047476  0.94835976180799     0.23942611207411557  0.26462416403338906  0.7077703718622164   0.23937818039068584  
  3.5700624175678666    -3.718018970124046   1.1855314239241568   0.45036096357758937  0.9463585844029336   0.23797430642788642  0.26412714108784385  0.7072734385635238   0.23792908927053388  
  3.6104664579719072    -3.6822390986635667  1.1824783823030605   0.44850479317226116  0.9443016631161796   0.23645042557854976  0.26364484212070316  0.7067912211993724   0.23640782264369217  
  3.6508704983759475    -3.6469745472853172  1.1793402382705758   0.4465357149268288   0.942191232190724    0.23485691267460668  0.26317705074609243  0.7063235040662605   0.23481682265537349  
  3.6912745387799877    -3.612221105175317   1.1761199315211628   0.4444567609702639   0.9400296876568701   0.23319638698055506  0.2627235405068742   0.7058700613369953   0.2331587080082947   
  3.7316785791840283    -3.577974347952482   1.1728206117340305   0.44227120448848595  0.9378195726257185   0.23147162864207058  0.2622840753325324   0.7054306575219387   0.23143625871590748  
  3.7720826195880686    -3.544229645911262   1.1694456203983474   0.4399825412282426   0.9355635615876388   0.229685562355829    0.26185841006600086  0.7050050479990133   0.2296523997563597   
  3.8124866599921092    -3.5109821729930957  1.1659984716227985   0.4375944697874439   0.9332644439285495   0.22784124016592888  0.26144629105207784  0.7045929796051968   0.22781018384953314  
  3.8528907003961494    -3.478226916408772   1.1624828321607314   0.4351108709336917   0.9309251068823299   0.22594182361547346  0.26104745677923624  0.7041941912816145   0.2259127735860557   
  3.89329474080019      -3.445958686830545   1.1589025008841534   0.432535786196637    0.9285485181384513   0.2239905654830483   0.2606616385680205   0.7038084147642614   0.22396342313870937  
  3.9336987812042303    -3.414172129070501   1.1552613879376985   0.4298733959795296   0.926137708320151    0.22199079133107916  0.26028856129591915  0.7034353753117148   0.2219654597834325   
  3.9741028216082706    -3.3828617331608006  1.1515634937974948   0.42712799743040086  0.9236957535407218   0.2199458810851805   0.25992794415121523  0.7030747924615142   0.21992226544966378  
  4.014506862012311     -3.352021845751319   1.1478128884501488   0.4243039823046055   0.9212257582338066   0.21785925085211952  0.25957950140733566  0.7027263808068247   0.21783725850816094  
  4.054910902416352     -3.3216466817414365  1.144013690894038    0.42140581503828933  0.9187308384389146   0.21573433516920548  0.25924294320950914  0.7023898507852088   0.21571387598957587  
  4.095314942820392     -3.291730336064725   1.1401700491495712   0.4184380112371465   0.9162141057059886   0.21357456986028145  0.2589179763653764   0.7020649094715679   0.21355555640934878  
  4.135718983224432     -3.262266795548057   1.1362861209472466   0.41540511676711134  0.9136786517637805   0.21138337565360557  0.258604305133197    0.7017512613680081   0.21136572335483642  
  4.176123023628473     -3.233249950770613   1.1323660552430013   0.4123116876141939   0.9111275340757881   0.20916414269572764  0.25830163199935363  0.7014486091834857   0.20914776996892653  
  4.216527064032513     -3.204673607852237   1.1284139746898565   0.4091622706596396   0.9085637623865079   0.20692021607314018  0.258009658440276    0.7011566545971293   0.20690504444253643  
  4.256931104436553     -3.1765315001057073  1.124433959173901    0.40596138549509325  0.9059902863388785   0.20465488243127675  0.2577280856617321   0.700875098999321    0.20464083660563387  
  4.297335144840594     -3.148817299492514   1.1204300305014745   0.4027135073803314   0.9034099842226984   0.2023713577579745   0.25745661531125386  0.7006036442056254   0.20235836568429594  
  4.337739185244635     -3.1215246278274504  1.11640613830375     0.39942305142445045  0.9008256528932912   0.20007277637724258  0.25719495015920657  0.7003419931391835   0.20006076926981806  
  4.3781432256486745    -3.094647067682988   1.1123661472048112   0.3960943580501802   0.8982399988803212   0.19776218117875508  0.25694279474474513  0.7000898504779125   0.19775109352545142  
  4.418547266052715     -3.0681781729502138  1.1083138252804152   0.39273167978085133  0.8956556306888848   0.19544251508980398  0.2566998559833369   0.6998469232634545   0.19543228463752363  
  4.458951306456756     -3.0421114790191033  1.104252833816958    0.3893391693704191   0.89307505227877     0.19311661377895903  0.2564658437346292   0.6996129214697561   0.19310718150046274  
  4.499355346860796     -3.016440512546393   1.1001867183640177   0.38592086927970937  0.8905006576935601   0.19078719956599552  0.2562404713274482   0.699387558529349    0.19077850961004442  
  4.539759387264836     -2.991158800785192   1.0961189010594028   0.3824807024860314   0.8879347267988095   0.1884568764989523   0.2560234560417438   0.6991705518163686   0.18844887612583644  
  4.580163427668877     -2.966259880455653   1.0920526741929062   0.37902246459926436  0.8853794220782438   0.1861281265480724   0.25581451954739265  0.6989616230858824   0.1861207660526685   
  4.620567468072918     -2.941737306141244   1.0879911949640444   0.3755498172454505   0.8828367864284341   0.1838033068575171   0.2556133882986398   0.698760498869282    0.18379653948170283  
  4.660971508476957     -2.917584658199893   1.0839374813799236   0.372066282668363    0.8803087418859097   0.1814846479882013   0.2554197938853502   0.6985669108262961   0.1814784298245186   
  4.701375548880998     -2.893795550183749   1.07989440923193     0.3685752394910518   0.8777970892159992   0.17917425308001567  0.2552334733416828   0.6983805960543942   0.17916854296830628  
  4.741779589285039     -2.8703636357654596  1.0758647100842742   0.3650799195724116   0.87530350828939     0.17687409785779712  0.2550541694137056   0.6982012973568212   0.17686885727649362  
  4.7821836296890785    -2.847282615172424   1.0718509702031263   0.3615834058888056   0.8728295591710674   0.1745860314038497   0.2548816307866755   0.6980287634705892   0.17458122435733217  
  4.822587670093119     -2.8245462411340254  1.067855630352456    0.35808863136692687  0.8703766838457754   0.1723117776186937   0.25471561227429973  0.6978627492562242   0.17230737052210376  
  4.86299171049716      -2.802148324349564   1.06388098638113     0.35459837859196286  0.8679462085052454   0.170052937292693    0.2545558749717802   0.6977030158511556   0.17004889885544783  
  4.9033957509012005    -2.780082738487367   1.0599291905256192   0.35111528031408124  0.8655393463241138   0.16781099071275557  0.2544021863740866   0.6975493307886673   0.16780729182174398  
  4.94379979130524      -2.7583434247276726  1.0560022533533562   0.34764182067631955  0.8631572006543038   0.1655873007306643   0.2542543204627883   0.6974014680847787   0.16558391433421865  
  4.984203831709281     -2.736924395863766   1.0521020462734314   0.34418033708819123  0.8608007685708546   0.16338311622326662  0.2541120577620841   0.6972592082949748   0.1633800172165568   
