# M=30, N=15, max=1, PBC
# U/t                  E0/t                S1(l=15)             S1_OP(l=15)          S2.0(l=15)           S2.0_OP(l=15)        Sigma2_n(l=15)       H(2.0)              S(2.0)_OP(5) 
  -100.0                -1400.0200020003992  3.401170721499424    0.6469199546340698   3.4011440364167713   0.6468932861278867   18.916479913298716   2.741937953561242    0.6386263511938512   
  -90.2415607978742     -1263.4040166296586  3.401164645262116    0.6469159874524355   3.4011318721100183   0.646883239295612    18.91643731535391    2.74193480607921     0.6386169722872332   
  -66.31723225305974    -928.4714164772536   3.4011367756690465   0.6468977989599831   3.4010760521462      0.6468371611296774   18.91624178045437    2.7419203587687826   0.6385739521695463   
  -48.73558540900003    -682.3392507937194   3.4010851897530263   0.646864164067311    3.4009726239207403   0.6467518919984145   18.915879214940908   2.741893571953314    0.6384943191618788   
  -35.81508462377594    -501.4670707273598   3.4009897192770655   0.6468020184355197   3.4007808742671304   0.6465941803479959   18.915206142267664   2.7418438505504446   0.6383469535585125   
  -26.319993406119035   -368.5560055559062   3.4008130529135094   0.6466873531962585   3.4004250094702937   0.6463027603177208   18.91395389647471    2.741751366088333    0.6380743828992953   
  -19.34218668405074    -270.8942923736958   3.4004861212399087   0.6464762444836014   3.3997632870070684   0.6457652295495324   18.911614593715193   2.741578677568749    0.6375707052955153   
  -14.214296331612761   -199.14155542716173  3.39988076128491     0.646088884029465    3.398528431713723    0.644777006184897    18.907211268756022   2.741253935030301    0.6366416088383523   
  -10.445883058791077   -146.4356133965998   3.3987575495449804   0.6453817415318466   3.396208895623869    0.6429713238322654   18.898803971357182   2.740635224667953    0.63493346217255     
  -7.676530046391538    -107.73653291294359  3.3966614788732987   0.6441005593641393   3.39179961687997     0.6397097417395843   18.88231282167115    2.7394278631588254   0.6318130396047407   
  -5.641372129238835    -79.34563364513033   3.3926911757867995   0.64180509720558     3.3832370685246866   0.6339468501743675   18.84822681199436    2.7369665888237016   0.6261852216121241   
  -4.145763685965449    -58.55501530102234   3.384874590561063    0.637762680583673    3.365991272417254    0.6242076391957152   18.769840466352647   2.731533542774683    0.6163140095203405   
  -3.0466624335574264   -43.4016468558666    3.3676777438267504   0.6308795575378338   3.3293020823618567   0.6091849007185934   18.53924720189287    2.717571349126499    0.6000628937733239   
  -2.238948644244412    -32.580672335532114  3.3008792525017823   0.6212070965921909   3.2243317058577134   0.577826026744874    16.808665812449746   2.6512247719899382   0.5664148115760285   
  -1.6453713336763087   -27.67091597020526   1.5299303590986704   0.19376879903103866  1.2775754504853443   0.08866946966856366  0.8475176373514444   1.1862752404993495   0.0886561603350197   
  -1.2091598584197905   -25.128984621021672  1.4958815129897554   0.29350897104929696  1.2071631874508622   0.14684262556980154  0.6485890073087361   1.0553137248446638   0.14679110948133695  
  -0.8885942846390915   -23.407962716953545  1.4860684880314832   0.3441317156110807   1.1826243194877901   0.17822585402723676  0.5747814871028751   0.9979610284303033   0.1781336877155243   
  -0.6530152297026794   -22.208483241996205  1.4821506160609317   0.3756493609208596   1.1709600449656987   0.19836580318433403  0.5354908667653717   0.9652526836326464   0.19823757242388143  
  -0.4798915518535437   -21.35894061701081   1.4803820238745626   0.39677448273018656  1.1646377077855485   0.21212604798979307  0.5115578028707617   0.9445856623653828   0.21196847261554938  
  -0.35266543729042454  -20.750901544337108  1.4795313642675927   0.4114507897148863   1.1609292814244987   0.22181080114588064  0.4959452311292054   0.9308073734300486   0.22163042323946414  
  -0.2591687854867744   -20.312537851795046  1.4791065756423498   0.4218521460462178   1.1586312000655066   0.22873708347697824  0.48534693979623     0.92132459233081     0.22853942670728594  
  -0.19045943341302143  -19.994858990647185  1.478889321463521    0.42931270096127505  1.157147701552923    0.23373708157853806  0.4779710839354223   0.9146647430860853   0.2335265115483061   
  -0.13996591336366884  -19.763775349822208  1.4787764233016587   0.43470478162267506  1.1561596833278942   0.23736742594669805  0.4727533240887638   0.9099242141623026   0.2371472785234643   
  -0.1028589477174549   -19.59522292441363   1.4787171083245474   0.4386214658373708   1.1554856651325869   0.2400131442044468   0.4690211511857001   0.9065187587909728   0.23978592316826072  
  -0.07558956942646847  -19.4720353057346    1.4786857047685027   0.44147613288320986  1.155017301259347    0.24194607844056915  0.466331049878562    0.9040566774250296   0.24171364497215217  
  -0.055549693370130444 -19.381871184098106  1.478668987493628    0.4435616431592748   1.1546872332098812   0.2433606548361324   0.464381568954515    0.9022685651178892   0.24312438519833626  
  -0.04082267509827884  -19.31580701494005   1.478660053316137    0.44508775264794354  1.1544521330660837   0.24439710309885393  0.4629633670014357   0.9009657241874371   0.24415801209152893  
  -0.030000000019365043 -19.267363024139797  1.4786552651013405   0.4462058207060922   1.1542833269014592   0.24515713181376997  0.4619288073265082   0.9000142457907924   0.24491596654785977  
  0.030000000019365043  -19.00040802237728   1.4786551367657574   0.4523530804202245   1.1534066306714803   0.24934636972637242  0.4563069881227193   0.8948282335599784   0.24909370106023185  
  0.04082267509827884   -18.952544973970824  1.4786597299129618   0.4534529677707272   1.1532588655235263   0.2500977893827558   0.45531278641302464  0.8939083789344285   0.24984304673102642  
  0.055549693370130444  -18.887556551573528  1.4786681724334103   0.4549454034505014   1.1530627362557895   0.2511182910069022   0.4539693397318558   0.8926641100935357   0.25086072751160227  
  0.07558956942646847   -18.79938448409558   1.4786836501818845   0.45696852918899794  1.1528048636814177   0.25250332039805445  0.45215837042478313  0.8909845071706538   0.25224192180460636  
  0.1028589477174549    -18.679885948174704  1.4787119271903595   0.4597075709252672   1.1524703005252177   0.25438147749980156  0.4497250547569962   0.8887235332576828   0.25411486874207023  
  0.13996591336366884   -18.51816609404191   1.4787633485753375   0.46340977664055993  1.152044446156019    0.25692553966831044  0.44646942700017433  0.8856910970163643   0.25665186251898103  
  0.19045943341302143   -18.29973972286819   1.4788562836016943   0.46840340706878336  1.151517358093811    0.26036686805926207  0.44213774154068375  0.8816434667811849   0.26008362665413076  
  0.2591687854867744    -18.0055173817453    1.4790228886659005   0.47512163762321785  1.1508922458121273   0.2650141648327423   0.43641533220665707  0.8762742235355631   0.26471804637130775  
  0.35266543729042454   -17.610654832204293  1.4793183995045884   0.4841326633557148   1.150200712267167    0.27127794126867144  0.42892321830623814  0.8692076874557612   0.27096465141868253  
  0.4798915518535437    -17.083400441593326  1.479835296747196    0.4961786365304887   1.1495277435101636   0.2797027468202389   0.4192208304133658   0.8599971924965037   0.27936699028563566  
  0.6530152297026794    -16.384272684283733  1.480722816219506    0.5122296553810736   1.14904791540224     0.29100999704905417  0.4068153800110679   0.8481295737706367   0.2906459757947199   
  0.8885942846390915    -15.466305203274894  1.4822068323509352   0.533566683273476    1.1490649134796718   0.30615211046069046  0.3911720565449883   0.8330323017122883   0.30575552530058137  
  1.2091598584197905    -14.277963899489857  1.484573038056762    0.5619114321550317   1.1500028187323423   0.32635222181195134  0.37170406641007503  0.8140659248286316   0.3259261870167397   
  1.6453713336763087    -12.77242315907912   1.4878259075556268   0.5994727573143124   1.1520546713950768   0.3528931158964079   0.3476921751332611   0.7904547826805646   0.3524631034971425   
  1.8232966264420694    -12.195399104699984  1.488799427168639    0.6143369217021135   1.1527499755141828   0.36317767164284354  0.3385111590250318   0.7813769639572321   0.3627600225217885   
  2.0204622020290017    -11.58147207917404   1.4892006391645052   0.6301825213490782   1.1530431673441344   0.3738958024969672   0.3286663361345319   0.7716184279086071   0.3735020726604159   
  2.238948644244412     -10.933123442313928  1.4880584356683422   0.6462921074999635   1.152197051478066    0.3843805828751887   0.31812135200298286  0.7611424776098541   0.38402611585640345  
  2.4810615246995535    -10.25515955320167   1.4831696462265873   0.6607003392457498   1.1485698942264355   0.39300401761536696  0.30689456895046163  0.7499676724317407   0.39270802324282855  
  2.7493557322847186    -9.555711478144685   1.4698927956936625   0.6687964146088005   1.1386999286294546   0.3961259394892321   0.2951718557340044   0.7382807654585772   0.3959089083857056   
  3.0466624335574264    -8.847147651555046   1.4401771103453758   0.6618955476126132   1.1165586477443494   0.38707565367698293  0.2835120343580897   0.72664251203594     0.38694914627059357  
  3.376118948542384     -8.145667718614185   1.385431630076061    0.6295464626367325   1.0761043190026196   0.3584894738359684   0.272977882670844    0.7161190729221248   0.3584390281395769   
  3.741201857206702     -7.4679176036672015  1.3060794641535869   0.5694480061645619   1.0193517449844096   0.3109032220631379   0.2647203920120589   0.7078657819881887   0.3108914366187565   
  4.145763685965449     -6.825944431643651   1.216090124597035    0.49381806520256066  0.9585459355065478   0.2561174636395216   0.2591180793433381   0.7022647850041903   0.25611597832213306  
  5.090862259841395     -5.6673321808509565  1.0586298983954883   0.3524697009332208   0.8617046164286396   0.16500372116321932  0.25354899650283613  0.6966961453007249   0.16500371803893904  
  5.641372129238835     -5.151426697605654   0.9985201813079392   0.296564986462985    0.8278680776283227   0.132457404181681    0.25226324276077605  0.6954104140709187   0.13245740422271343  
  7.676530046391538     -3.841732024821162   0.873328987624406    0.17737771065090918  0.7634676747755533   0.0697030670691494   0.2506174450069665   0.6937646246030224   0.0697030670998337   
  10.445883058791077    -2.8456273773495924  0.8000289991317276   0.10597989046965431  0.7304974197377372   0.037175914944343066 0.25017432501848447  0.693321505003877    0.03717591496588485  
  14.214296331612761    -2.100105567275552   0.7564148832497833   0.06297790287832769  0.7131437270151013   0.019946568299452645 0.2500499782323047   0.6931971587172834   0.01994656830225378  
  19.34218668405074     -1.546868145309878   0.7304291731079563   0.03718927789895693  0.7038965770258374   0.010734953157503313 0.25001444331668665  0.6931616238683436   0.010734953157811755 
  26.319993406119035    -1.1381725468419228  0.7150020147893533   0.02182533342253072  0.6989380825979306   0.005786710248043472 0.2500041918936944   0.6931513723498759   0.005786710251897221 
  35.81508462377594     -0.836982867231348   0.7058918491448085   0.012735334388678164 0.6962704274796728   0.003122027589480628 0.2500012193048491   0.6931483998901935   0.0031220275885378212 
  48.73558540900003     -0.6153074597976672  0.7005427875605393   0.007392669442790432 0.6948326995443711   0.0016851638614454336 0.2500003551615606   0.6931475356829241   0.001685163862875719 
  66.31723225305974     -0.45226825156355893 0.6974194834088835   0.004271382938866044 0.6940571038910847   0.0009098198358263628 0.25000010350272106  0.6931472840552584   0.0009098198361006553 
  90.2415607978742      -0.3324002359105296  0.6956051684949834   0.0024577011496951973 0.6936384881610671   0.0004912774282419291 0.25000003017251515  0.6931472107328251   0.0004912774282285246 
  100.0                 -0.2999700000002454  0.6951898114929879   0.0020424366527296103 0.6935472605852482   0.00040006001772858687 0.2500000199960084   0.6931472005675196   0.0004000600173000909 
