# M=30, N=15, max=1, PBC
# U/t                  E0/t                S1(l=15)             S1_OP(l=15)          S2.0(l=15)           S2.0_OP(l=15)        Sigma2_n(l=15)       H(2.0)              S(2.0)_OP(5) 
   0.7928168485370364    -15.834913672543845  1.4815701374937915   0.52495296890401     1.1489754238231034   0.3000272120990678   0.3973769047556672   0.8390371165602637   0.2996429152034319
  0.9928168485370364    -15.072306749551647  1.482942767612096    0.5428577351888607   1.1492733805203894   0.3127705918785896   0.3846367565940412   0.8266857534389352   0.3123623300030458   
  1.0805946263148143    -14.746197816408685  1.4835908767605546   0.5506237554258031   1.149526683020807    0.3183073159040467   0.379292610474387    0.8214802375092276   0.31789073128073586  
 1.0928168485370364    -14.701204091661417  1.4836828032533185   0.551701139046765    1.1495669524026513   0.31907548441854283  0.3785593661823867   0.8207649600852694   0.3186578575399539   
  1.1139279596481475    -14.62372561763997   1.4838424180412217   0.5535598860307778   1.1496391631814928   0.32040069374679814  0.37729888207186946  0.8195347837905415   0.3199813360552517   
  1.1350390707592586    -14.546548405510002  1.4840030049857276   0.5554159066944273   1.1497146060370813   0.3217238165023746   0.37604590573543817  0.8183112191769825   0.32130281724786103  
  1.1561501818703697    -14.469672293096817  1.4841644646982932   0.5572692494993781   1.1497931272044686   0.3230448189565439   0.3748002900852043   0.8170941456320834   0.3226222688589283   
  1.168372404092592     -14.425302634681213  1.4842582998197547   0.5583410306470185   1.1498399325048854   0.32380862581242265  0.37408245171175736  0.8163924442808712   0.32338521989196894  
  1.2561501818703698    -14.109609558387715  1.484937845557479    0.5660130051067872   1.1502020422555073   0.32927206983926594  0.368995700863735    0.8114136974415483   0.3288434498218029    
  1.4561501818703697    -13.409716257674713  1.4864824586358962   0.5833293459288361   1.1511436709429241   0.34155458951377415  0.357816018856731    0.8004349796545641   0.34112060343546424  
  1.6561501818703697    -12.73685144460413   1.4878951880886528   0.6003834970385269   1.1521033206682136   0.35352819698789384  0.34712719260388525  0.7898968527095452   0.3530986907697412   
  1.7439279596481474    -12.45012111818009   1.4884152161921282   0.6077548169068571   1.1524727127784682   0.3586460147318725   0.3425693826675129   0.7853924958257262   0.3582217885585198   
  1.7561501818703698    -12.410614206915206  1.488480386516519    0.6087740769224634   1.152519496458789    0.35935028192338486  0.3419406563663685   0.7847706772417389   0.35892695616432907  
  1.7772612929814808    -12.342616084397935  1.4885880974817935   0.6105299937264088   1.1525970426910495   0.36056144701389936  0.3408579621378536   0.7836996228104695   0.3601397725791431   
  1.798372404092592     -12.27492375844806   1.4886892265409388   0.612279715782965    1.1526700985759832   0.3617655920291255   0.33977937246611845  0.782632312063362    0.3613456910924164   
  1.819483515203703     -12.207537738712235  1.4887832460682284   0.6140228206022942   1.1527382296298292   0.3629623349415019   0.3387048202529712   0.7815686880156509   0.36254433020344967  
  1.8317057374259254    -12.16866499061254   1.488834210845095    0.6150287843191791   1.1527752450973443   0.3636516445705601   0.33808453124802895  0.7809545693269317   0.36323479391071284  
  1.919483515203703     -11.892519737491867  1.4891140179423192   0.6221747719339197   1.1529795272803587   0.3685174483300394   0.33366783996886795  0.7765789940566289   0.3681101067833733   
  2.119483515203703     -11.283414475524388  1.4889543809864425   0.6377342070576959   1.1528610298315094   0.37887770887365957  0.3238407809504835   0.766827188845577    0.3785001180841317  
  2.319483515203703     -10.702808507368777  1.4869679844732433   0.6516030606233006   1.1513883248331713   0.38768714775898466  0.31433026958184485  0.7573711807738652   0.3873504700985799   
  2.407261292981481     -10.457208271675235  1.4852084504494323   0.6568426269650338   1.150082958649068    0.390823486224197    0.3102610174360336   0.7533205689785182   0.39050812289445347  
  2.419483515203703     -10.423464475379767  1.484908852351438    0.6575190080876233   1.1498606528063022   0.39121563518191826  0.3096998996993463   0.7527618234899732   0.39090339154862297  
  2.440594626314814     -10.36544282241726   1.4843568639638915   0.6586534092194677   1.1494510387977273   0.3918648542758051   0.3087339990018023   0.7517998986179921   0.3915580829963855   
  2.4617057374259255    -10.307755493127729  1.4837593464952992   0.6597429053361894   1.1490075913700997   0.39247695294406676  0.30777237619851405  0.7508421010909905   0.3921757577021332   
  2.4828168485370368    -10.25040375569505   1.4831141260056822   0.6607851373973526   1.148528682368401    0.39305015009992067  0.30681514902529017  0.7498885529441286   0.3927546314728599   
  2.4950390707592587    -10.217354006834764  1.482717902273794    0.6613659811982167   1.148234557281612    0.39336350279537796  0.3062630233936616   0.7493384920761583   0.39307131527673117  
  2.5828168485370364    -9.983336563149686   1.4793406134738207   0.665004005602609    1.145726465586362    0.3951795171115077   0.3023447676329596   0.745433735482101    0.3949121415583181 
  2.73 -9.604295551202666 1.4712236485318857 0.6685974918473241 1.1396905441303966 0.39620848143023707 0.29598562776241977 -1 -1
  2.735 -9.591716894374766 1.4708861782211928 0.6686555061205184 1.1394393719840046 0.3961924074549601 0.29577486969260747 -1 -1
  2.74 -9.579157976741836 1.470544325951042 0.668708925801482 1.1391849225401904 0.39617269416268885 0.2955644881982309 -1 -1
  2.745 -9.566618813573095 1.4701980616999977 0.6687577146863464 1.1389271731560504 0.3961493148686995 0.295354486297434 -1 -1
  2.75 -9.55409942003133 1.4698473556385963 0.6688018366991282 1.1386661013474018 0.3961222430159831 0.29514486708352905 -1 -1
  2.755 -9.54159981116993 1.469492178138587 0.6688412559006309 1.1384016847968312 0.3960914521813332 0.29493563378429144 -1 -1
  2.76 -9.529120001929673 1.4691324997825408 0.6688759365056467 1.1381339013620222 0.3960569161026294 0.2947267893292249 -1 -1
  2.765 -9.51666000713545 1.4687682913732445 0.668905842882808 1.137862729083784 0.396018608662449 0.29451833693183005 -1 -1
  2.77 -9.504219841493082 1.468399523943119 0.6689309395702463 1.1375881461944213 0.39597650391001343 0.29431027978758806 -1 -1
  2.775 -9.49179951958602 1.4680261687640686 0.668951191286794 1.1373101311261833 0.39593057607361465 0.2941026209916373 -1 -1
  2.78 -9.479399055872197 1.4676481973570141 0.6689665629395055 1.1370286625195476 0.3958807995622732 0.2938953637073638 -1 -1
  2.7828168485370366    -9.472421760758042   1.4674332162029424   0.6689730606518497   1.1368685628073518   0.39585105254280106  0.2937787793714861   0.7368909185195704   0.3956444347145506 
  2.785 -9.46701846468059 1.4672655815015345 0.6689770196313578 1.1367437192317642 0.39582714896824234 0.29368851132271345 -1 -1
  2.787 -9.462071795694795 1.467111228443334 0.6689798183448976 1.1366287643126727 0.39580459834170933 0.29360588432899704 -1 -1
  2.788 -9.459599654687796 1.4670337710136079 0.6689809200304995 1.1365710767008836 0.3957930885678286 0.293564595420321 -1 -1
  2.789 -9.457128309488139 1.466956126021429 0.6689818229021071 1.136513248766839 0.3957814222229853 0.2935233228737957 -1 -1
  2.79 -9.454657760208082 1.4668782932458455 0.6689825266834626 1.1364552803454504 0.39576959910544945 0.2934820667658329 -1 -1
  2.793 -9.447250889005044 1.4666436660163005 0.6689834407384597 1.1362805305120358 0.39573318712790073 0.29335839729245092 -1 -1
  2.794 -9.444783524521773 1.466565079906991 0.6689833454143126 1.136221998498052 0.39572073493530413 0.29331720709498652 -1 -1
  2.795 -9.442316956516134 1.466486304916501 0.6689830496281699 1.1361633251770846 0.3957081249762205 0.2932760334949691 -1 -1
  2.795 -9.442316956516134 1.4664863049165102 0.668983049628149 1.136163325177096 0.39570812497623264 0.29327603349490516 -1 -1
  2.8028168485370366    -9.423063627082739   1.465863999398764    0.6689737989019255   1.1356997970042333   0.39560409608249925  0.2929547589746946   0.7360687177408427   0.3954037177097658
  2.8 -9.429996067527387 1.466089589128198 0.6689785542344604 1.1358678332857202 0.3956427018161893 0.2930704146696286 -1 -1
  2.815 -9.393153025856403 1.4648708076884862 0.6689346193861128 1.1349599366848504 0.3954224939698252 0.29245607740998736 -1 -1
  2.82 -9.380911932016097 1.464454914323426 0.6689097133040547 1.1346500986475307 0.39534103173058655 0.2922521491028576 -1 -1
  2.825 -9.368690820294798 1.4640341612439827 0.6688796215603491 1.1343366256257768 0.39525550025134426 0.29204865156518167 -1 -1
  3.002816848537037     -8.947151453970971   1.4457338899343453   0.6641991218028689   1.1206976113723772   0.3894034817396911   0.2851190151354146   0.7282471999962482   0.38926431994117344  
  3.0905946263148145    -8.74851656492075    1.4341843774747904   0.6591095325088555   1.1120987314302284   0.3843811051731236   0.28194660401819505  0.7250791318476755   0.38426681539186325 
  3.1028168485370364    -8.721356380829974   1.43244168221193     0.6582487979529745   1.1108027053523961   0.3835670507354631   0.28151931928116625  0.7246523763856234   0.38345606730015236  
  3.1239279596481477    -8.674730027354471   1.4293546371852928   0.6566741264367755   1.1085080811275814   0.38209523783238986  0.28078991821122656  0.7239238496074252   0.38198986259513223  
  3.1450390707592586    -8.62846670285366    1.4261707881783303   0.6549881868093468   1.1061432347589517   0.38054069100208776  0.28007162405489083  0.7232063811099824   0.3804407873809803   
  3.16615018187037      -8.582566180761164   1.422891106064977    0.6531913628171973   1.103709228324226    0.37890420172899925  0.2793646214508385   0.7225001577689572   0.3788096261719196  
  3.178372404092592     -8.556157891557742   1.4209490080635574   0.6521006565265204   1.1022689457823736   0.37791969653333823  0.2789605333866021   0.7220965004328617   0.3778281375057269   
  3.2661501818703695    -8.370058860233323   1.4060975501097455   0.6432003986250747   1.0912844005643407   0.370076148317171    0.2761739492944102   0.7193126087659223   0.3700046849233708     
  3.4661501818703697    -7.969098853882508   1.3670736043722969   0.6165263518154502   1.0627426918317284   0.34777829515005343  0.27061027721612163  0.7137529931648666   0.34774154369109933  
  3.66615018187037      -7.599128356445925   1.3231565802252905   0.5830870634997292   1.0313331381366875   0.3213319887485866   0.26613596347016255  0.7092808441430745   0.32131551930690044  
  3.7539279596481476    -7.446066930897906   1.3031728918591983   0.5670983136301668   1.0173260903230723   0.309125265877533    0.2644936602261012   0.7076391245952014   0.309114149537828
  3.7661501818703695    -7.425188589751218   1.3003803109592762   0.5648335476173132   1.0153836557448688   0.30741660553925054  0.2642794301077558   0.7074249629112183   0.3074061008023422   
  3.787261292981481     -7.389371731514325   1.2955561555779749   0.5609050121678814   1.0120368835819198   0.30446427251428476  0.26391741265866386  0.7070630573076047   0.30445475585575954  
  3.8083724040925917    -7.353863717653082   1.2907340179406475   0.5569583590808909   1.0087026667578665   0.3015128734146088   0.26356537135634284  0.706711120200008    0.3015042630500511   
  3.829483515203703     -7.318661713703811   1.2859170307953156   0.5529969779014734   1.0053832109851562   0.2985648802326538   0.26322309589614434  0.7063689417617063   0.29855709976460776      
  3.8417057374259254    -7.298420349696557   1.283131789830134    0.5506981083994658   1.00346899134309     0.2968606337939322   0.26302931632189086  0.7061752152660111   0.29685330092504214  
  3.929483515203703     -7.1559854405191965  1.2632577375970078   0.5341291484025478   0.9899201036860029   0.28471534409085075  0.26172791895005076  0.7048741407505918   0.2847106094200544  
  4.129483515203703     -6.849800808318897   1.2195216161517346   0.4967914232532252   0.9607911456962994   0.2581831069607118   0.2592884903257229   0.7024351705773546   0.25818148021751186  
  4.329483515203703     -6.567124093829585   1.1789972989182749   0.4613316040536653   0.9346488356044329   0.23397648926074438  0.2574384248364652   0.7005853387575641   0.23397597641960952  
  4.417261292981481     -6.449875767612409   1.1623992115970851   0.44660878594751646  0.9241750736504757   0.22419131369174755  0.25677306346204176  0.6999200400045887   0.22419101198269198  
  4.429483515203703     -6.433862633214934   1.160147413690312    0.44460331044267765  0.9227645198415252   0.22287005016402722  0.2566864983205335   0.6998334822619543   0.22286977024244223  
  4.450594626314814     -6.406379718798073   1.1562921679577094   0.44116545013429265  0.9203552846629213   0.22061149591585283  0.25654026657442586  0.6996872626377049   0.2206112501376722   
  4.471705737425925     -6.379117767410768   1.1524802343623228   0.4377609052524756   0.9179802280588332   0.21838275849664257  0.256398088093448    0.6995450954316628   0.21838254286681757  
  4.492816848537036     -6.352074312798854   1.14871152840415     0.43438986305905425  0.9156390439241195   0.21618368068315985  0.2562598339009554   0.6994068517980233   0.216183491649202
  4.505039070759258     -6.3365164840900565  1.1465493555221067   0.4324535761209659   0.9142989752701235   0.21492401523268342  0.25618153644780506  0.6993285601274326   0.214923840132175    
  4.592816848537036     -6.226868985115788   1.1314421589815533   0.4188799343283247   0.9049989144012442   0.206163687546843    0.2556545678806401   0.6988016270723818   0.20616358727946132
  4.792816848537036     -5.990019669792224   1.0996915139728745   0.39011229785719226  0.8858100403725073   0.18799358930568433  0.25465358024327145  0.6978006917537617   0.18799356258216793  
