# M=26, N=13, max=1, PBC
# U/t                  E0/t                S1(l=13)             S1_OP(l=13)          S10.0(l=13)           S10.0_OP(l=13)        Sigma2_n(l=13)       H(10.0)              S(10.0)_OP(5) 
  0.030000000019365026 -16.47717070760584  1.431096487771457   0.42070328191323647 0.9438445414159307  0.1339724770842483  0.44209180548093485 0.8038625941607245  0.13381444575740128 
  0.0332441058799503   -16.464738983758945 1.4310977164005563  0.4210269225738727  0.9438147548302167  0.13410599788322114 0.4418083938616917  0.8036966554738987  0.13394757705854213 
  0.03683901916813193  -16.45097095205807  1.4310992221462229  0.42138528564594335 0.9437819971247707  0.13425388941703845 0.44149492497161447 0.8035131114101128  0.1340950370931943  
  0.04082267509827882  -16.435723930258867 1.431101067124649   0.4217820645888263  0.9437460027292578  0.1344176906099212  0.4411482800499513  0.8033101337717694  0.1342583602785882  
  0.045237111079799136 -16.418840219986038 1.4311033272382032  0.4222213387806951  0.9437064896139138  0.1345991034968425  0.44076503188851746 0.8030857133214302  0.1344392436620654  
  0.05012891031563893  -16.400145576310738 1.4311060951867607  0.42270761234791804 0.9436631601488317  0.13480001015014562 0.44034141780947067 0.8028376438050675  0.13463956380215863 
  0.05554969337013041  -16.3794475328422   1.4311094841198038  0.42324585659409414 0.9436157026039318  0.1350224912924984  0.4398733109482933  0.8025635049962774  0.13486139533022526 
  0.061556662893444754 -16.35653357140302  1.431113632059775   0.423841556305698   0.9435637934654206  0.13526884675549247 0.4393561897417868  0.8022606447986096  0.1351070313466417  
  0.06821320725083786  -16.331169125214267 1.4311187072516087  0.4245007602036655  0.9435071007817036  0.1355416179331357  0.4387851063080248  0.8019261604947662  0.13537900581758675 
  0.07558956942646847  -16.30309540458336  1.431124914621713   0.4252301358471894  0.943445288795034   0.1358436124274803  0.43815465328086844 0.8015568792332642  0.13568011815119102 
  0.08376358826037628  -16.272027034434878 1.431132503562467   0.4260370292788087  0.9433780241653184  0.13617793106586534 0.4374589297807461  0.8011493379200813  0.1360134601455179  
  0.09282151984050067  -16.237649493744524 1.4311417772952173  0.4269295297210694  0.9433049841497407  0.13654799750165447 0.4366915066828625  0.8006997627154889  0.13638244551541576 
  0.10285894771745487  -16.19961634813678  1.4311531041067929  0.4279165396362361  0.9432258671663857  0.13695759061873553 0.4358453916716769  0.8002040484065149  0.13679084222099142 
  0.1139817915470694   -16.157546268725053 1.4311669308009147  0.4290078504689901  0.9431404062417973  0.1374108799775302  0.43491299465093647 0.7996577379933839  0.1372428078376107  
  0.12630742480437512  -16.11101983288246  1.4311837987567169  0.43021422440579954 0.9430483859202738  0.1379124645619734  0.4338860940681215  0.7990560029032058  0.1377429282259415  
  0.13996591336366881  -16.05957610623886  1.4312043630406415  0.431547482491327   0.942949663295276   0.13846741509375116 0.43275580526162827 0.7983936243432199  0.13829625978110355 
  0.1551013880147405   -16.00270901006718  1.4312294150742635  0.4330205994869014  0.9428441939073499  0.1390813202232169  0.4315125513239195  0.7976649763741414  0.1389083755623863  
  0.1718735653986984   -15.939863484670951 1.4312599094160403  0.43464780587735546 0.9427320633339313  0.1397603369006295  0.4301460380366109  0.7968640114049906  0.1395854156293106  
  0.19045943341302138  -15.870431467810494 1.4312969952664494  0.4364446975217519  0.942613525366735   0.1405112452797132  0.42864523367554597 0.7959842488763815  0.14033414193513807 
  0.21105511887102466  -15.79374771809987  1.4313420533470795  0.43842835352984183 0.9424890477215435  0.14134150850268798 0.4269983553510599  0.7950187680007126  0.14116199815356234 
  0.23387795712415968  -15.709085527280632 1.4313967388275306  0.44061746311924294 0.9423593662370021  0.14225933775130942 0.4251928628757824  0.7939602054687768  0.14207717483407326 
  0.2591687854867744   -15.615652383092252 1.4314630309656442  0.44303246241838756 0.9422255484707871  0.14327376292761088 0.42321546180054526 0.7928007590801195  0.14308868028864913 
  0.28719448466463093  -15.512585667069276 1.431543290069783   0.4456956825081253  0.9420890674595799  0.1443947093087363  0.42105211674409304 0.7915321982248393  0.14420641759216474 
  0.31825079500552733  -15.398948500209865 1.4316403222568337  0.4486315104304354  0.9419518861255733  0.14563308043061834 0.41868807594754287 0.7901458820604826  0.14544126800549464 
  0.35266543729042454  -15.273725885625518 1.431757452223712   0.4518665654635392  0.941816552314564   0.14700084724968554 0.41610790799923336 0.788632786067437   0.14680518095761935 
  0.39080157099713214  -15.135821342994845 1.4318986038020485  0.45542989372161563 0.9416863036318143  0.14851114327103462 0.413295550510405   0.7869835373620236  0.1483112703728031  
  0.4330616265297777   -14.984054287522286 1.4320683873080482  0.4593531850415589  0.9415651799369514  0.15017836462380726 0.41023436995968865 0.7851884587267648  0.14997391646654556 
  0.47989155185354376  -14.817158479636905 1.4322721914286476  0.46367101713785275 0.9414581393099587  0.1520182727993126  0.40690723122659733 0.7832376207294877  0.1518088709306321  
  0.531785518347161    -14.633781965585099 1.432516275238232   0.46842113301466654 0.9413711700935232  0.1540480955909994  0.4032965731780891  0.7811209004864645  0.15383336129398406 
  0.5892911355315213   -14.432489049923765 1.4328078522475949  0.47364475817788676 0.941311386573948   0.1562866179483685  0.3993844853517743  0.7788280446160102  0.15606618651555254 
  0.6530152297026794   -14.21176499795934  1.4331551518808265  0.4793869634454646  0.9412870878458773  0.1587542478766578  0.3951527786575255  0.7763487326713557  0.1585277893894652  
  0.7236302474480943   -13.970024372816727 1.4335674319868883  0.48569707517479105 0.9413077464624227  0.1614730311682748  0.3905830402773134  0.7736726358380069  0.16124028011337144 
  0.8018813516190211   -13.70562418797278  1.4340548939883948  0.4926291233000599  0.9413838721740327  0.16446656905715173 0.3856566604069087  0.7707894639974091  0.16422736582244604 
  0.8885942846390916   -13.416883432168135 1.434628409947757   0.5002422895989935  0.9415266602372956  0.16775975841641327 0.3803548153338596  0.7676889925103567  0.16751410654860271 
  0.9846840821264076   -13.102111047382209 1.4352988869642733  0.5086012539524257  0.9417472720198936  0.17137821279116233 0.3746583896853579  0.7643610586885337  0.17112635685271146 
  1.0911647287793849   -12.759645189233108 1.436075923179014   0.5177761900774182  0.9420554861723374  0.17534711125637265 0.3685478201248884  0.7607955178655685  0.1750896410445438  
  1.2091598584197905   -12.387907700949652 1.4369650503220959  0.5278418316611422  0.942457258447646   0.17968901440787416 0.36200285006445654 0.7569821529785543  0.17942700197427372 
  1.3399146111048585   -11.98547940449892  1.4379620824520547  0.5388742768719883  0.9429503488089307  0.18441978619251337 0.3550022107982542  0.7529105465147357  0.1841549620301662  
  1.4848087724302999   -11.55120442806282  1.439041377151108   0.5509424633746632  0.943516426039292   0.18954095677843144 0.34752332045314205 0.7485699675639421  0.18927592980102823 
  1.6453713336763092   -11.084335974150397 1.4401309628620764  0.564087204156983   0.9441065210336766  0.19502518179792577 0.33954230042687783 0.7439494459949825  0.194763702582256   
  1.8232966264420694   -10.584742652232464 1.4410587997769395  0.5782712699907232  0.9446134188349072  0.20078781242643604 0.33103516051064474 0.7390385181942243  0.20053506699751486 
  2.0204622020290017   -10.05320481622151  1.4414354220044991  0.5932627217888417  0.944817499356617   0.2066295985901749  0.3219824066081287  0.7338299182324878  0.20639249121644074 
  2.2389486442444126   -9.491843471412698  1.4404008169986795  0.6083698950000738  0.9442781412332684  0.21211892559406034 0.31238267815420073 0.728327355112445   0.2119062338411372  
  2.4810615246995544   -8.904729063854361  1.4361131057714658  0.6218802473487123  0.9421213354165489  0.21635570020229047 0.302287855525627   0.7225652705702851  0.21617777032243354 
  2.749355732284719    -8.298664903350751  1.4249004995342922  0.6300698464741228  0.9366882563054731  0.21756618334629138 0.2918803601596309  0.7166518479853689  0.21743327703488327 
  3.0466624335574273   -7.683894433278671  1.4005783709377788  0.6262203283255365  0.925276787896482   0.21275180467357838 0.281599317473912   0.7108381340038835  0.21266948699263108 
  3.376118948542385    -7.073900320688652  1.356079724589722   0.6018937150866891  0.9050574419492684  0.19853946510017567 0.27221801086974295 0.7055578180733805  0.1985015749469395  
  3.7412018572067027   -6.48310064304207   1.289613255418175   0.5532481892478585  0.876201978222264   0.1744779279243161  0.26461184457097886 0.7012940620873381  0.1744664225024997  
  4.145763685965451    -5.922883468198626  1.2097557957918186  0.48725581332647444 0.8437438150282328  0.14532490093143918 0.259202784601797   0.6982714564497383  0.14532276377305933 
  4.594073561350805    -5.399212456373861  1.1298961990600844  0.4171311285062632  0.8137069474461622  0.11733633570826142 0.2557238027462816  0.696331580744742   0.11733609586237682 
  5.090862259841395    -4.913614352085756  1.0588158989028682  0.3525361983254652  0.788923258152925   0.09377361202709675 0.2535867696232543  0.6951416063989281  0.0937735958160111  
  5.641372129238837    -4.465423485624835  0.9988713362565468  0.2968668240679636  0.7693856989828303  0.07497115917421263 0.2522777897655857  0.6944133370774164  0.07497115860508771 
  6.251412408385263    -4.0531954601609375 0.9491144081990233  0.2499524658845204  0.7541059770220732  0.060145380387382846 0.2514634977957826  0.6939605315791365  0.06014538038713831 
  6.9274205289815045   -3.675202178944943  0.9078077737492177  0.21055777790962657 0.7420900084107468  0.04841596189676935 0.2509482059336321  0.6936740862682552  0.048415961897334846 
  7.676530046391543    -3.3295499383226277 0.8733710766707218  0.1774181525360052  0.7325678263611354  0.0390773634737491  0.2506178518278688  0.6934904845062657  0.03907736347480696 
  8.506645916270962    -3.0142249818347113 0.8445491651211154  0.1494807667493417  0.7249734991753018  0.03160175783528109 0.2504041823085359  0.6933717489254372  0.03160175783697626 
  9.426527911373793    -2.727144508051294  0.8203617552508121  0.12589828491449173 0.7188879666947381  0.02559346735270421 0.25026516036813007 0.6932945015985444  0.025593467354629335 
  10.445883058791082   -2.4662122912840565 0.800030780613815   0.10598164038115734 0.713994533657834   0.020750498832360846 0.25017433125294275 0.6932440354388112  0.020750498834243524 
  11.575468073062355   -2.2293678637400003 0.7829264079487241  0.08916125470121954 0.7100494516603064  0.0168384874875434  0.25011480752979054 0.6932109643301414  0.016838487488614856 
  12.827202866082338   -2.0146239058778477 0.7685310348169415  0.07496057842631844 0.7068625752314911  0.013673333729556583 0.2500757084007432  0.6931892415407179  0.013673333731472176 
  14.214296331612768   -1.8200915515683607 0.7564149356859974  0.06297795485223051 0.704284148797175   0.011109202209257287 0.2500499782538199  0.6931749465972078  0.01110920220956995 
  15.751385731736603   -1.6439955575014145 0.7462189608335067  0.052873463351532535 0.7021954040168816  0.009029878211076847 0.2500330211785524  0.6931655258079809  0.009029878211207744 
  17.45469115612599    -1.4846817688544791 0.7376416354282664  0.04435881673115491 0.7005016519669358  0.0073423420797414105 0.25002183267888967 0.6931593098876945  0.00734234207996817 
  19.342186684050752   -1.340619060962005  0.7304291743997444  0.03718927918484355 0.6991270918292843  0.005971887179694173 0.25001444331586953 0.6931552046497034  0.0059718871798744196 
  21.43379005530941    -1.2103974873491843 0.7243675462948692  0.031157029959658755 0.6980108456948272  0.004858354403396633 0.25000955930293145 0.6931524912914548  0.004858354403649211 
  23.7515728515794     -1.0927239317148352 0.7192760455851389  0.026085625763734934 0.6971038928851716  0.003953196113712452 0.2500063292023995  0.6931506967714617  0.003953196114595586 
  26.31999340611905    -0.9864162073080026 0.7150020148182702  0.021825333452807426 0.6963666771401663  0.003217167807163774 0.2500041918073279  0.6931495093330021  0.0032171678077271702 
  29.16615489959374    -0.8903962758976892 0.7114164666681891  0.01824917126358346 0.6957672246803693  0.002618501402931202 0.25000277691177786 0.6931487232774369  0.0026185014035495432 
  32.320091365574875   -0.8036830570966564 0.7084104249019496  0.01524953774802568 0.6952796548131249  0.002131452061285284 0.25000183994808367 0.6931482027518393  0.002131452061383122 
  35.81508462377596    -0.7253851516016208 0.7058918491454256  0.012735334388849903 0.6948829951445005  0.0017351371781493278 0.2500012193305423  0.6931478579663511  0.0017351371781321916 
  39.688015485454294   -0.6546936954300376 0.7037830399313303  0.010629506581814977 0.6945602351110327  0.0014126055746880317 0.2500008081469218  0.6931476295363451  0.0014126055743977144 
  43.97975293706269    -0.5908754858287477 0.7020184429277262  0.008866941224620705 0.6942975672589207  0.0011500890901266884 0.2500005357136601  0.6931474781687935  0.001150089090621825 
  48.73558540900008    -0.5332664651580936 0.7005427875605567  0.0073926694432094806 0.6940837772855587  0.0009363994354859284 0.25000035513514973 0.6931473778500725  0.0009363994358460988 
  54.00569868041127    -0.4812656107409435 0.699309507413412   0.006160330970901964 0.6939097525221309  0.0007624411658609204 0.25000023543891103 0.6931473113562698  0.000762441166014806 
  59.84570546311237    -0.43432925200639333 0.698279399081034   0.005130863168995208 0.693768085094515   0.0006208178160882963 0.25000015609980153 0.6931472672784268  0.0006208178162701913 
  66.31723225305977    -0.3919658180218353 0.6974194834088886  0.004271382939039925 0.6936527510189551  0.0005055129617878177 0.250000103494159   0.6931472380571674  0.000505512961764662 
  73.48856964209554    -0.35373100633216226 0.6967020388326917  0.0035542342187851474 0.6935588503670068  0.00041163168304537816 0.25000006861876756 0.6931472186839615  0.0004116316829211725 
  81.43539295236425    -0.3192233561845949 0.696103781222001   0.002956177516153176 0.6934823966557148  0.0003351908165701679 0.2500000454954474  0.6931472058391447  0.000335190816372449 
  90.2415607978742     -0.2880802044557317 0.6956051684949887  0.002457701149676615 0.6934201459899733  0.00027294866727696504 0.250000030174121   0.6931471973226963  0.0002729486673092647 
  100.0                -0.2599740000002629 0.695189811492994   0.002042436652603991 0.6933694583562485  0.00022226668082238072 0.25000002000511046 0.6931471916754258  0.00022226668074591435 
